                            OLS Regression Results                            
==============================================================================
Dep. Variable:                      y   R-squared:                       0.156
Model:                            OLS   Adj. R-squared:                  0.105
Method:                 Least Squares   F-statistic:                     3.086
Date:                Sun, 16 Nov 2025   Prob (F-statistic):           1.90e-37
Time:                        14:08:00   Log-Likelihood:                -10395.
No. Observations:                3390   AIC:                         2.117e+04
Df Residuals:                    3198   BIC:                         2.235e+04
Df Model:                         191                                         
Covariance Type:            nonrobust                                         
==============================================================================
                 coef    std err          t      P>|t|      [0.025      0.975]
------------------------------------------------------------------------------
const         -5.4120      1.663     -3.255      0.001      -8.672      -2.152
x1             1.6585      0.678      2.446      0.015       0.329       2.988
x2             3.5082      0.455      7.718      0.000       2.617       4.399
x3            -0.0280      0.007     -4.153      0.000      -0.041      -0.015
x4            11.3897      2.702      4.215      0.000       6.092      16.688
x5             8.8925      2.290      3.883      0.000       4.403      13.382
x6             6.0474      2.065      2.929      0.003       1.999      10.096
x7             1.1414      1.928      0.592      0.554      -2.639       4.922
x8             6.2635      2.762      2.267      0.023       0.847      11.680
x9             7.6670      2.193      3.496      0.000       3.367      11.967
x10            4.6141      1.810      2.550      0.011       1.066       8.163
x11            4.2375      1.782      2.377      0.017       0.743       7.732
x12            0.8644      1.736      0.498      0.619      -2.539       4.268
x13            9.6828      2.238      4.327      0.000       5.295      14.070
x14            9.0411      2.433      3.716      0.000       4.270      13.812
x15           -0.4466      1.717     -0.260      0.795      -3.812       2.919
x16            8.9815      2.180      4.119      0.000       4.707      13.256
x17            9.6182      2.378      4.045      0.000       4.956      14.281
x18           12.1289      2.443      4.965      0.000       7.339      16.919
x19            4.5683      1.833      2.492      0.013       0.973       8.163
x20            3.1498      2.131      1.478      0.139      -1.028       7.327
x21            3.2720      2.016      1.623      0.105      -0.681       7.225
x22            5.4804      2.091      2.621      0.009       1.381       9.580
x23            5.3953      2.238      2.411      0.016       1.007       9.784
x24            4.9366      2.215      2.229      0.026       0.594       9.279
x25            7.9962      2.201      3.632      0.000       3.680      12.312
x26            7.0954      1.977      3.589      0.000       3.219      10.972
x27            4.1265      2.224      1.855      0.064      -0.235       8.488
x28            0.5503      1.999      0.275      0.783      -3.370       4.470
x29            5.5187      2.190      2.519      0.012       1.224       9.813
x30            4.9067      2.010      2.441      0.015       0.965       8.848
x31            7.4214      2.616      2.836      0.005       2.291      12.551
x32            2.5672      1.764      1.456      0.146      -0.890       6.025
x33            0.3429      1.761      0.195      0.846      -3.110       3.796
x34            4.9578      1.743      2.845      0.004       1.541       8.375
x35           12.9664      2.088      6.209      0.000       8.872      17.061
x36            8.9750      2.244      4.000      0.000       4.575      13.375
x37            9.5335      2.512      3.795      0.000       4.608      14.459
x38           12.4352      3.512      3.541      0.000       5.550      19.321
x39            4.7670      2.373      2.009      0.045       0.114       9.420
x40            8.5475      2.054      4.162      0.000       4.521      12.574
x41           12.6110      3.671      3.435      0.001       5.412      19.809
x42            4.7938      1.894      2.531      0.011       1.080       8.507
x43            5.8946      1.775      3.322      0.001       2.415       9.374
x44            5.1787      2.486      2.083      0.037       0.305      10.052
x45            2.1332      1.732      1.232      0.218      -1.262       5.529
x46            1.8329      1.716      1.068      0.286      -1.532       5.198
x47            1.5716      1.746      0.900      0.368      -1.852       4.995
x48            2.6800      2.572      1.042      0.298      -2.364       7.724
x49            5.4937      1.868      2.941      0.003       1.831       9.156
x50            0.5113      1.771      0.289      0.773      -2.961       3.983
x51            8.7542      1.997      4.383      0.000       4.838      12.670
x52            7.3951      2.294      3.224      0.001       2.897      11.893
x53            8.0104      2.120      3.778      0.000       3.853      12.168
x54            9.5732      2.424      3.949      0.000       4.821      14.326
x55            3.4503      1.754      1.967      0.049       0.011       6.889
x56            1.9220      1.711      1.124      0.261      -1.432       5.276
x57           15.3063      2.324      6.587      0.000      10.750      19.863
x58            0.9817      1.790      0.549      0.583      -2.527       4.491
x59            4.1572      2.054      2.024      0.043       0.129       8.185
x60            2.6981      1.744      1.547      0.122      -0.722       6.119
x61            1.6707      1.803      0.927      0.354      -1.865       5.206
x62            6.6529      2.335      2.849      0.004       2.075      11.231
x63            2.7013      1.754      1.540      0.124      -0.738       6.141
x64            7.2456      1.929      3.757      0.000       3.464      11.027
x65            8.7674      1.901      4.612      0.000       5.040      12.494
x66            9.8036      2.395      4.094      0.000       5.108      14.499
x67            8.1314      2.183      3.726      0.000       3.852      12.411
x68            9.7755      2.555      3.827      0.000       4.767      14.784
x69            1.9030      2.564      0.742      0.458      -3.124       6.930
x70            3.0513      1.806      1.690      0.091      -0.490       6.592
x71            7.1175      1.906      3.734      0.000       3.380      10.855
x72            8.2454      2.217      3.720      0.000       3.899      12.592
x73           18.0113      2.172      8.292      0.000      13.752      22.270
x74           -8.0023      2.145     -3.730      0.000     -12.209      -3.796
x75            6.3785      2.106      3.028      0.002       2.248      10.509
x76            3.3428      1.890      1.769      0.077      -0.363       7.048
x77            7.6428      2.416      3.164      0.002       2.906      12.379
x78            1.4511      1.736      0.836      0.403      -1.953       4.855
x79            9.4334      2.058      4.584      0.000       5.398      13.469
x80           10.6853      2.000      5.344      0.000       6.765      14.606
x81            1.4643      1.749      0.837      0.403      -1.966       4.894
x82            8.7283      2.417      3.612      0.000       3.990      13.467
x83            7.9572      2.939      2.708      0.007       2.196      13.719
x84            3.0385      1.752      1.734      0.083      -0.397       6.474
x85            6.0747      1.780      3.412      0.001       2.584       9.565
x86            3.0234      1.794      1.685      0.092      -0.494       6.540
x87            3.7032      1.898      1.951      0.051      -0.018       7.424
x88            5.0187      2.013      2.493      0.013       1.071       8.966
x89            2.9456      1.776      1.659      0.097      -0.537       6.428
x90            9.3824      2.076      4.519      0.000       5.311      13.453
x91            9.8185      2.351      4.176      0.000       5.208      14.429
x92            7.2236      2.207      3.273      0.001       2.896      11.551
x93            9.6134      2.165      4.440      0.000       5.368      13.859
x94            5.3845      1.943      2.772      0.006       1.576       9.193
x95            6.0534      1.931      3.135      0.002       2.267       9.840
x96            5.0063      1.747      2.866      0.004       1.581       8.431
x97            4.3193      2.149      2.010      0.044       0.106       8.532
x98           11.4350      2.296      4.981      0.000       6.934      15.936
x99            4.6203      2.348      1.967      0.049       0.016       9.225
x100          10.8128      2.361      4.581      0.000       6.184      15.441
x101           7.0725      2.763      2.560      0.011       1.655      12.490
x102           6.2033      1.860      3.334      0.001       2.556       9.851
x103           7.6480      2.243      3.410      0.001       3.251      12.045
x104           2.9142      2.040      1.428      0.153      -1.086       6.915
x105           3.3579      1.723      1.949      0.051      -0.020       6.736
x106          -6.1307      1.967     -3.117      0.002      -9.987      -2.274
x107           3.7127      1.736      2.138      0.033       0.308       7.117
x108           7.0689      1.722      4.104      0.000       3.692      10.446
x109           6.4387      2.135      3.016      0.003       2.253      10.624
x110           6.2121      1.999      3.108      0.002       2.294      10.131
x111           7.1023      2.128      3.337      0.001       2.929      11.275
x112           9.6303      1.967      4.897      0.000       5.775      13.486
x113           5.4308      1.985      2.736      0.006       1.539       9.323
x114           4.4943      1.945      2.311      0.021       0.681       8.308
x115           9.0134      2.462      3.662      0.000       4.187      13.840
x116           1.7377      1.835      0.947      0.344      -1.860       5.335
x117          14.2668      2.792      5.109      0.000       8.792      19.742
x118           4.3656      2.097      2.082      0.037       0.254       8.478
x119           7.9792      2.017      3.955      0.000       4.024      11.935
x120           8.6797      2.143      4.051      0.000       4.479      12.881
x121           7.5972      2.383      3.188      0.001       2.924      12.270
x122           3.7522      1.750      2.144      0.032       0.321       7.183
x123          10.0642      2.345      4.292      0.000       5.467      14.662
x124           3.9905      1.803      2.213      0.027       0.456       7.525
x125           4.4276      1.895      2.337      0.020       0.712       8.143
x126          10.6451      2.394      4.446      0.000       5.951      15.340
x127          11.5557      2.471      4.677      0.000       6.711      16.400
x128           6.5946      2.209      2.986      0.003       2.264      10.926
x129          -0.6722      1.750     -0.384      0.701      -4.103       2.758
x130           1.7346      1.777      0.976      0.329      -1.749       5.219
x131           9.4046      2.193      4.289      0.000       5.105      13.704
x132          20.5329      4.049      5.071      0.000      12.594      28.472
x133           3.2637      1.794      1.819      0.069      -0.255       6.782
x134           4.7996      1.851      2.593      0.010       1.170       8.429
x135           9.8988      2.495      3.968      0.000       5.008      14.790
x136           7.6788      1.902      4.038      0.000       3.950      11.407
x137           7.2671      2.217      3.278      0.001       2.920      11.614
x138           8.8296      2.232      3.956      0.000       4.453      13.206
x139           0.2519      1.765      0.143      0.887      -3.209       3.712
x140          10.2266      2.395      4.269      0.000       5.530      14.923
x141           5.0468      1.755      2.876      0.004       1.606       8.487
x142           2.0445      1.734      1.179      0.239      -1.356       5.445
x143           7.5638      2.155      3.510      0.000       3.338      11.789
x144           7.7052      2.170      3.551      0.000       3.451      11.960
x145           4.5987      2.028      2.268      0.023       0.623       8.575
x146           6.3995      1.877      3.410      0.001       2.720      10.079
x147           8.5162      2.202      3.867      0.000       4.198      12.834
x148          11.6486      2.062      5.650      0.000       7.606      15.691
x149           7.5727      1.997      3.792      0.000       3.657      11.489
x150           9.7381      2.595      3.752      0.000       4.650      14.827
x151           7.7385      1.980      3.908      0.000       3.855      11.621
x152          -5.0461      2.098     -2.406      0.016      -9.159      -0.933
x153           5.4158      2.408      2.249      0.025       0.694      10.138
x154           9.6037      2.288      4.197      0.000       5.118      14.090
x155           5.6496      2.170      2.604      0.009       1.395       9.904
x156          -3.5435      2.049     -1.730      0.084      -7.561       0.473
x157           4.3629      2.054      2.124      0.034       0.335       8.391
x158          -0.6064      3.122     -0.194      0.846      -6.728       5.515
x159           9.0037      2.302      3.912      0.000       4.490      13.517
x160           6.0543      2.122      2.852      0.004       1.893      10.216
x161           1.9589      1.737      1.127      0.260      -1.448       5.365
x162           1.4464      1.715      0.844      0.399      -1.915       4.808
x163           1.6693      1.766      0.945      0.345      -1.794       5.132
x164           7.6849      2.315      3.320      0.001       3.146      12.223
x165           1.6986      1.925      0.882      0.378      -2.076       5.473
x166          -0.4273      3.006     -0.142      0.887      -6.321       5.467
x167           9.4278      2.642      3.568      0.000       4.247      14.608
x168           8.4878      2.212      3.837      0.000       4.150      12.825
x169           3.7604      2.191      1.717      0.086      -0.535       8.056
x170          11.6562      2.455      4.747      0.000       6.842      16.470
x171           6.6402      2.284      2.907      0.004       2.161      11.119
x172           3.6999      1.972      1.876      0.061      -0.167       7.567
x173           7.5374      1.971      3.824      0.000       3.673      11.402
x174           4.4270      2.033      2.178      0.029       0.441       8.413
x175           9.9889      1.997      5.001      0.000       6.073      13.905
x176          10.5703      2.314      4.568      0.000       6.033      15.108
x177          10.2013      2.365      4.313      0.000       5.564      14.839
x178           2.4035      2.177      1.104      0.270      -1.864       6.671
x179           5.3252      1.858      2.866      0.004       1.682       8.969
x180           4.7235      1.782      2.651      0.008       1.230       8.217
x181          11.8602      2.500      4.743      0.000       6.958      16.763
x182           6.3018      1.861      3.387      0.001       2.653       9.950
x183           8.5878      3.430      2.503      0.012       1.862      15.314
x184           7.4634      2.043      3.652      0.000       3.457      11.470
x185           4.3480      1.823      2.385      0.017       0.773       7.922
x186           3.1787      1.877      1.693      0.090      -0.502       6.859
x187           7.3703      2.163      3.408      0.001       3.130      11.611
x188           4.6566      3.467      1.343      0.179      -2.140      11.453
x189           5.5627      1.873      2.970      0.003       1.891       9.235
x190           7.6474      2.237      3.418      0.001       3.260      12.034
x191          12.8276      2.644      4.852      0.000       7.644      18.011
==============================================================================
Omnibus:                     1358.789   Durbin-Watson:                   1.995
Prob(Omnibus):                  0.000   Jarque-Bera (JB):           303067.828
Skew:                           0.717   Prob(JB):                         0.00
Kurtosis:                      49.299   Cond. No.                     4.06e+03
==============================================================================

Notes:
[1] Standard Errors assume that the covariance matrix of the errors is correctly specified.
[2] The condition number is large, 4.06e+03. This might indicate that there are
strong multicollinearity or other numerical problems.